[[0. 0. 0. 0. 0.]
 [0. 0. 1. 0. 0.]
 [0. 0. 0. 2. 0.]
 [0. 0. 0. 1. 0.]
 [0. 0. 0. 1. 0.]]
TAGC
AGGG
path is [(3, 0), (3, 1), (3, 2), (4, 3)] (4, 3)
[[0. 0. 0. 0. 0. 0.]
 [0. 0. 0. 0. 0. 0.]
 [0. 0. 0. 0. 0. 0.]
 [0. 0. 0. 0. 0. 0.]
 [0. 0. 0. 0. 0. 0.]]
[[0. 0. 0. 0.]
 [0. 1. 0. 0.]
 [0. 0. 2. 1.]
 [0. 0. 1. 3.]
 [0. 0. 1. 2.]
 [0. 0. 0. 0.]]
AGGGT
AGG
path is [(0, 0), (1, 1), (2, 2), (3, 3)] (3, 3)
[[0. 0. 0. 0. 0.]
 [0. 0. 0. 0. 0.]
 [0. 0. 0. 0. 0.]
 [0. 0. 0. 0. 0.]
 [0. 0. 0. 0. 0.]
 [0. 0. 0. 0. 0.]
 [0. 0. 0. 0. 0.]]
[[0. 0. 0. 0. 0. 0.]
 [0. 0. 0. 0. 0. 1.]
 [0. 0. 0. 0. 0. 1.]
 [0. 0. 0. 0. 0. 1.]
 [0. 0. 0. 0. 0. 1.]]
GTAGC
CCCC
path is [(0, 4), (1, 5)] (1, 5)
[[0. 0. 0. 0. 0. 0. 0.]
 [0. 0. 0. 0. 0. 0. 0.]
 [0. 0. 0. 0. 0. 0. 0.]
 [0. 0. 0. 0. 0. 0. 0.]
 [0. 0. 0. 0. 0. 0. 0.]
 [0. 0. 0. 0. 0. 0. 1.]
 [0. 1. 0. 0. 0. 0. 0.]
 [0. 0. 2. 1. 1. 1. 0.]
 [0. 0. 0. 0. 0. 0. 0.]]
CCCCTAGC
AGGGGT
path is [(4, 0), (4, 1), (4, 2), (4, 3), (4, 4), (4, 5), (5, 6)] (5, 6)
[[0. 0. 0. 0.]
 [0. 0. 0. 0.]
 [0. 0. 0. 0.]
 [0. 0. 0. 0.]
 [0. 0. 0. 0.]
 [0. 0. 0. 0.]
 [0. 0. 0. 0.]
 [0. 1. 0. 0.]
 [0. 1. 0. 0.]
 [0. 0. 2. 1.]
 [0. 0. 0. 0.]]
TTTTTTAAGC
AGG
path is [(7, 0), (8, 1), (8, 2), (9, 3)] (9, 3)
[[0. 0. 0. 0. 0. 0.]
 [0. 0. 0. 1. 0. 0.]
 [0. 1. 0. 0. 2. 0.]
 [0. 1. 0. 0. 1. 0.]
 [0. 0. 0. 0. 0. 2.]
 [0. 0. 0. 0. 0. 1.]]
GTAGC
AGGCC
path is [(0, 2), (1, 3), (2, 3), (3, 4), (4, 5)] (4, 5)
[[0. 0. 0. 0. 0. 0.]
 [0. 1. 0. 0. 0. 0.]
 [0. 0. 2. 1. 1. 0.]
 [0. 0. 1. 3. 2. 0.]
 [0. 0. 0. 1. 0. 3.]
 [0. 1. 0. 0. 0. 1.]
 [0. 0. 2. 1. 1. 0.]
 [0. 0. 0. 0. 0. 0.]
 [0. 0. 0. 0. 0. 0.]]
AGGTAGCC
AGGGT
path is [(0, 0), (1, 1), (1, 2), (2, 3), (3, 4), (4, 5)] (4, 5)
[[0. 0. 0.]
 [0. 1. 0.]
 [0. 0. 2.]
 [0. 0. 1.]
 [0. 0. 1.]
 [0. 0. 0.]
 [0. 1. 0.]
 [0. 1. 0.]
 [0. 0. 2.]
 [0. 0. 0.]
 [0. 0. 0.]]
AGGGTAAGCC
AG
path is [(0, 0), (1, 1), (2, 2)] (2, 2)
[[0. 0. 0. 0. 0.]
 [0. 1. 0. 0. 0.]
 [0. 0. 2. 1. 1.]
 [0. 0. 1. 3. 2.]
 [0. 0. 1. 2. 4.]
 [0. 0. 1. 2. 3.]
 [0. 0. 0. 0. 1.]
 [0. 1. 0. 0. 0.]
 [0. 1. 0. 0. 0.]
 [0. 0. 2. 1. 1.]
 [0. 0. 0. 0. 0.]
 [0. 0. 0. 0. 0.]]
AGGGGTAAGCC
AGGG
path is [(0, 0), (1, 1), (2, 2), (3, 3), (4, 4)] (4, 4)
[[0. 0. 0. 0.]
 [0. 0. 1. 0.]
 [0. 0. 0. 2.]
 [0. 0. 0. 1.]
 [0. 0. 0. 1.]
 [0. 0. 0. 1.]
 [0. 0. 0. 1.]
 [0. 1. 0. 0.]
 [0. 0. 2. 0.]
 [0. 0. 1. 0.]
 [0. 0. 0. 2.]
 [0. 0. 0. 0.]
 [0. 0. 0. 0.]]
TAG
AGGGGGTAAGCC
path is [(0, 1), (1, 2), (2, 3)] (2, 3)
[[0. 0. 0. 0.]
 [0. 1. 0. 0.]
 [0. 0. 0. 0.]
 [0. 1. 0. 0.]
 [0. 0. 2. 1.]
 [0. 0. 1. 3.]]
ATAGG
AGG
path is [(2, 0), (3, 1), (4, 2), (5, 3)] (5, 3)
[[0. 0. 0. 0. 0.]
 [0. 0. 0. 1. 0.]
 [0. 1. 0. 0. 2.]
 [0. 1. 0. 0. 1.]
 [0. 1. 0. 0. 1.]]
GTAG
AGGG
path is [(0, 2), (1, 3), (2, 4)] (2, 4)
[[0. 0. 0.]
 [0. 1. 0.]
 [0. 0. 2.]
 [0. 0. 1.]
 [0. 0. 0.]
 [0. 1. 0.]
 [0. 1. 0.]
 [0. 0. 2.]]
AGGTAAG
AG
path is [(0, 0), (1, 1), (2, 2)] (2, 2)
[[0. 0. 0. 0. 0.]
 [0. 0. 0. 0. 1.]
 [0. 1. 1. 0. 0.]
 [0. 1. 2. 0. 0.]
 [0. 1. 2. 0. 0.]
 [0. 0. 0. 3. 1.]
 [0. 0. 0. 1. 4.]
 [0. 0. 0. 0. 2.]
 [0. 1. 1. 0. 0.]]
GGTA
AGGGTAAG
path is [(2, 0), (3, 1), (4, 2), (5, 3), (6, 4)] (6, 4)
[[0. 0. 0.]
 [0. 0. 0.]
 [0. 1. 0.]
 [0. 1. 0.]]
TAA
AG
path is [(2, 0), (3, 1)] (3, 1)
[[0. 0. 0. 0. 0. 0.]
 [0. 0. 0. 0. 1. 0.]
 [0. 0. 0. 0. 1. 0.]]
GGTAG
AA
path is [(1, 0), (1, 1), (1, 2), (1, 3), (2, 4)] (2, 4)
[[0. 0. 0.]
 [0. 0. 0.]
 [0. 0. 0.]
 [0. 0. 0.]
 [0. 0. 0.]
 [0. 0. 0.]
 [0. 0. 0.]
 [0. 0. 0.]]
[[0. 0. 0. 0. 0.]
 [0. 0. 0. 0. 0.]
 [0. 0. 0. 0. 0.]]
[[0. 0. 0. 0.]
 [0. 0. 1. 0.]
 [0. 0. 0. 2.]
 [0. 0. 0. 1.]
 [0. 0. 0. 1.]]
TAG
AGGG
path is [(0, 1), (1, 2), (2, 3)] (2, 3)
[[0. 0. 0.]
 [0. 0. 0.]
 [0. 0. 0.]
 [0. 0. 0.]
 [0. 0. 0.]
 [0. 0. 0.]]
[[0. 0. 0. 0. 0. 0. 0. 0.]
 [0. 0. 0. 0. 0. 0. 0. 0.]
 [0. 0. 0. 0. 0. 0. 0. 0.]]
[[0. 0. 0. 0. 0. 0.]
 [0. 0. 1. 1. 1. 0.]
 [0. 0. 1. 2. 2. 0.]
 [0. 0. 1. 2. 3. 1.]
 [0. 0. 1. 2. 3. 1.]
 [0. 0. 0. 0. 1. 4.]
 [0. 1. 0. 0. 0. 2.]
 [0. 0. 2. 1. 1. 0.]]
GGGGTAG
AGGGT
path is [(1, 0), (1, 1), (2, 2), (3, 3), (4, 4), (5, 5)] (5, 5)
[[0. 0. 0.]
 [0. 0. 0.]
 [0. 0. 0.]
 [0. 0. 0.]
 [0. 0. 0.]
 [0. 0. 0.]
 [0. 0. 0.]
 [0. 0. 0.]
 [0. 0. 0.]]
[[0. 0. 0. 0. 0. 0.]
 [0. 0. 0. 0. 0. 0.]
 [0. 0. 0. 0. 0. 0.]]
[[0. 0. 0. 0.]
 [0. 1. 0. 0.]
 [0. 0. 0. 0.]
 [0. 1. 0. 0.]
 [0. 0. 2. 0.]
 [0. 0. 1. 0.]]
ATAGG
AGC
path is [(2, 0), (3, 1), (4, 1), (5, 2)] (5, 2)
[[0. 0. 0.]
 [0. 0. 0.]
 [0. 0. 0.]
 [0. 0. 0.]
 [0. 0. 0.]]
[[0. 0. 0. 0. 0. 0. 0. 0. 0.]
 [0. 0. 0. 0. 0. 0. 0. 0. 0.]
 [0. 0. 0. 0. 0. 0. 0. 0. 0.]]
[[0. 0. 0. 0. 0. 0.]
 [0. 0. 1. 1. 1. 0.]
 [0. 0. 1. 2. 2. 0.]
 [0. 0. 1. 2. 3. 1.]
 [0. 0. 1. 2. 3. 1.]
 [0. 0. 0. 0. 1. 4.]
 [0. 1. 0. 0. 0. 2.]
 [0. 1. 0. 0. 0. 0.]
 [0. 0. 2. 1. 1. 0.]]
GGGGTAAG
AGGGT
path is [(1, 0), (1, 1), (2, 2), (3, 3), (4, 4), (5, 5)] (5, 5)
[[0. 0. 0.]
 [0. 0. 0.]
 [0. 0. 0.]
 [0. 0. 0.]
 [0. 0. 0.]
 [0. 0. 0.]
 [0. 0. 0.]
 [0. 0. 0.]
 [0. 0. 0.]
 [0. 0. 0.]]
[[0. 0. 0. 0. 0.]
 [0. 0. 0. 0. 0.]
 [0. 0. 0. 0. 0.]]
[[0. 0. 0. 0. 0.]
 [0. 1. 0. 0. 0.]
 [0. 0. 2. 0. 0.]
 [0. 0. 1. 0. 0.]
 [0. 0. 1. 0. 0.]]
AGGG
AGCC
path is [(3, 0), (3, 1), (4, 2)] (4, 2)
[[0. 0. 0.]
 [0. 0. 0.]
 [0. 0. 0.]
 [0. 0. 0.]]
[[0. 0. 0. 0. 0. 0. 0. 0. 0. 0.]
 [0. 0. 0. 0. 0. 0. 0. 0. 0. 0.]
 [0. 0. 0. 0. 0. 0. 0. 0. 0. 0.]]
[[0. 0. 0. 0. 0. 0.]
 [0. 0. 1. 1. 1. 0.]
 [0. 0. 1. 2. 2. 0.]
 [0. 0. 1. 2. 3. 1.]
 [0. 0. 1. 2. 3. 1.]
 [0. 0. 0. 0. 1. 4.]
 [0. 1. 0. 0. 0. 2.]
 [0. 1. 0. 0. 0. 0.]
 [0. 1. 0. 0. 0. 0.]
 [0. 0. 2. 1. 1. 0.]]
GGGGTAAAG
AGGGT
path is [(1, 0), (1, 1), (2, 2), (3, 3), (4, 4), (5, 5)] (5, 5)
[[0. 0. 0.]
 [0. 0. 0.]
 [0. 0. 0.]
 [0. 0. 0.]
 [0. 0. 0.]
 [0. 0. 0.]
 [0. 0. 0.]
 [0. 0. 0.]
 [0. 0. 0.]
 [0. 0. 0.]
 [0. 0. 0.]]
[[0. 0. 0. 0.]
 [0. 0. 0. 0.]
 [0. 0. 0. 0.]]
[[0. 0. 0. 0.]
 [0. 0. 1. 0.]
 [0. 0. 1. 0.]
 [0. 0. 1. 0.]]
GGG
AGC
path is [(2, 0), (2, 1), (3, 2)] (3, 2)
[[0. 0. 0.]
 [0. 0. 0.]
 [0. 0. 0.]
 [0. 0. 0.]]
[[0. 0. 0. 0. 0. 0. 0. 0. 0. 0. 0.]
 [0. 0. 0. 0. 0. 0. 0. 0. 0. 0. 0.]
 [0. 0. 0. 0. 0. 0. 0. 0. 0. 0. 0.]]
[[0. 0. 0. 0. 0.]
 [0. 0. 1. 1. 1.]
 [0. 0. 1. 2. 2.]
 [0. 0. 1. 2. 3.]
 [0. 0. 1. 2. 3.]
 [0. 0. 0. 0. 1.]
 [0. 1. 0. 0. 0.]
 [0. 1. 0. 0. 0.]
 [0. 1. 0. 0. 0.]
 [0. 1. 0. 0. 0.]
 [0. 0. 2. 1. 1.]]
GGGGTAAAAG
AGGG
path is [(0, 1), (1, 2), (2, 3), (3, 4)] (3, 4)
[[0. 0. 0.]
 [0. 0. 0.]
 [0. 0. 0.]
 [0. 0. 0.]
 [0. 0. 0.]
 [0. 0. 0.]
 [0. 0. 0.]
 [0. 0. 0.]
 [0. 0. 0.]
 [0. 0. 0.]
 [0. 0. 0.]
 [0. 0. 0.]
 [0. 0. 0.]]
[[0. 0. 0. 0.]
 [0. 0. 0. 0.]
 [0. 0. 0. 0.]]
[[0. 0. 0. 0. 0. 0.]
 [0. 0. 0. 1. 0. 0.]
 [0. 0. 0. 1. 0. 0.]
 [0. 0. 0. 1. 0. 0.]]
TAGCC
GGG
path is [(2, 0), (2, 1), (2, 2), (3, 3)] (3, 3)
[[0. 0. 0.]
 [0. 0. 0.]
 [0. 0. 0.]
 [0. 0. 0.]
 [0. 1. 1.]
 [0. 1. 2.]
 [0. 1. 2.]]
GGGCCC
CC
path is [(3, 0), (4, 1), (5, 2)] (5, 2)
[[0. 0. 0. 0. 0. 0. 0. 0. 0. 0. 0. 0. 0.]
 [0. 0. 0. 0. 0. 0. 0. 0. 0. 0. 0. 0. 0.]
 [0. 0. 0. 0. 0. 0. 0. 0. 0. 0. 0. 0. 0.]
 [0. 0. 0. 0. 0. 0. 0. 0. 0. 0. 0. 0. 0.]
 [0. 0. 0. 0. 0. 0. 0. 0. 0. 0. 0. 0. 0.]]
[[0. 0. 0.]
 [0. 1. 0.]
 [0. 0. 2.]
 [0. 0. 1.]
 [0. 0. 1.]
 [0. 0. 1.]
 [0. 0. 1.]
 [0. 0. 0.]
 [0. 1. 0.]
 [0. 1. 0.]
 [0. 1. 0.]
 [0. 1. 0.]
 [0. 0. 2.]]
AGGGGGTAAAAG
AG
path is [(0, 0), (1, 1), (2, 2)] (2, 2)
[[0. 0. 0. 0. 0.]
 [0. 0. 0. 0. 0.]
 [0. 0. 0. 0. 0.]
 [0. 0. 0. 0. 0.]
 [0. 0. 0. 0. 0.]
 [0. 0. 0. 0. 0.]
 [0. 0. 0. 0. 0.]
 [0. 0. 0. 0. 0.]
 [0. 0. 0. 0. 0.]
 [0. 0. 0. 0. 0.]
 [0. 0. 0. 0. 0.]
 [0. 0. 0. 0. 0.]
 [0. 0. 0. 0. 0.]
 [0. 0. 0. 0. 0.]]
[[0. 0. 0. 0. 0. 0.]
 [0. 0. 0. 0. 0. 0.]
 [0. 0. 0. 0. 0. 0.]
 [0. 0. 0. 0. 0. 0.]
 [0. 0. 0. 0. 0. 0.]]
[[0. 0. 0.]
 [0. 0. 1.]
 [0. 0. 1.]
 [0. 0. 0.]
 [0. 1. 0.]
 [0. 0. 2.]]
GGTAG
AG
path is [(3, 0), (4, 1), (5, 2)] (5, 2)
[[0. 0. 0. 0. 0.]
 [0. 0. 0. 0. 0.]
 [0. 0. 0. 0. 0.]
 [0. 0. 0. 0. 0.]]
[[0. 0. 0. 0. 0. 0. 0. 0. 0. 0. 0. 0. 0. 0.]
 [0. 0. 0. 0. 0. 0. 0. 0. 0. 0. 0. 0. 0. 0.]
 [0. 0. 0. 0. 0. 0. 0. 0. 0. 0. 0. 0. 0. 0.]
 [0. 0. 0. 0. 0. 0. 0. 0. 0. 0. 0. 0. 0. 0.]
 [0. 0. 0. 0. 0. 0. 0. 0. 0. 0. 0. 0. 0. 0.]]
[[0. 0. 0.]
 [0. 0. 0.]
 [0. 1. 1.]
 [0. 1. 2.]
 [0. 1. 2.]
 [0. 1. 2.]
 [0. 1. 2.]
 [0. 1. 2.]
 [0. 0. 0.]
 [0. 0. 0.]
 [0. 0. 0.]
 [0. 0. 0.]
 [0. 0. 0.]
 [0. 1. 1.]]
GG
AGGGGGGTAAAAG
path is [(1, 0), (2, 1), (3, 2)] (3, 2)
[[0. 0. 0. 0. 0.]
 [0. 0. 0. 0. 0.]
 [0. 0. 0. 0. 0.]]
[[0. 0. 0. 0.]
 [0. 0. 0. 0.]
 [0. 0. 0. 0.]
 [0. 0. 0. 0.]
 [0. 0. 0. 0.]]
[[0. 0. 0. 0. 0. 0.]
 [0. 0. 1. 0. 0. 0.]
 [0. 0. 0. 2. 0. 0.]
 [0. 0. 0. 1. 0. 0.]]
TAGCC
AGG
path is [(0, 1), (1, 2), (2, 2), (3, 3)] (3, 3)
[[0. 0. 0. 0. 0.]
 [0. 0. 0. 0. 0.]
 [0. 0. 0. 0. 0.]
 [0. 0. 0. 0. 0.]
 [0. 0. 0. 0. 0.]
 [0. 1. 1. 1. 1.]
 [0. 1. 2. 2. 2.]
 [0. 1. 2. 3. 3.]]
CCCC
ATAGCCC
path is [(4, 0), (5, 1), (6, 2), (7, 3)] (7, 3)
[[0. 0. 0.]]
alignments ['', 'GG']
